1,446,144,209,176,0
2,445,143,209,176,0
3,444,143,210,176,0
4,443,143,211,176,0
5,442,142,211,177,0
6,442,142,211,177,0
7,441,142,212,177,0
8,440,142,213,177,0
9,439,141,213,178,0
10,439,141,213,178,0
11,438,141,214,177,0
12,437,140,214,178,0
13,436,140,215,178,0
14,435,140,216,178,0
15,435,140,216,178,0
16,434,139,216,179,0
17,433,139,217,179,0
18,432,139,218,179,0
19,432,139,218,179,0
20,433,139,217,179,0
21,434,139,216,179,0
22,435,139,215,179,0
23,436,139,214,179,0
24,438,139,212,179,0
25,439,139,211,179,0
26,440,139,210,179,0
27,441,139,209,179,0
28,442,139,208,179,0
29,444,139,207,179,0
30,446,138,202,179,0
31,449,138,196,179,0
32,452,138,191,179,0
33,455,137,185,179,0
34,457,137,181,179,0
35,460,137,175,179,0
36,463,136,169,179,0
37,466,136,164,179,0
38,468,136,159,179,0
39,471,135,154,179,0
40,474,135,148,179,0
41,477,135,143,179,0
42,478,134,142,179,0
43,479,134,141,179,0
44,481,134,139,179,0
45,482,134,138,179,0
46,483,134,137,179,0
47,485,134,135,179,0
48,486,134,134,179,0
49,487,134,133,178,0
50,489,134,131,178,0
51,490,134,130,178,0
52,491,134,129,178,0
53,493,134,127,178,0
54,494,134,126,178,0
55,496,134,124,178,0
56,496,133,122,178,0
57,497,133,120,178,0
58,497,132,119,178,0
59,498,132,116,178,0
60,499,131,114,179,0
61,499,131,113,178,0
62,500,130,110,179,0
63,500,130,109,178,0
64,501,129,107,179,0
65,502,129,104,179,0
66,502,128,103,179,0
67,503,128,101,179,0
68,503,127,99,179,0
69,504,127,97,179,0
70,505,127,95,179,0
71,506,126,93,179,0
72,508,126,91,179,0
73,509,126,90,179,0
74,511,126,88,179,0
75,513,126,85,178,0
76,514,126,84,178,0
77,516,126,82,178,0
78,518,126,80,178,0
79,515,125,82,179,0
80,513,125,84,179,0
81,511,125,86,179,0
82,509,125,88,179,0
83,507,125,89,179,0
84,505,125,91,179,0
85,503,125,93,179,0
86,501,125,95,179,0
87,500,124,95,179,0
88,499,124,95,179,0
89,498,124,95,179,0
90,497,123,95,179,0
91,496,123,95,179,0
92,495,123,95,179,0
93,494,123,95,179,0
94,493,122,95,179,0
95,492,122,95,179,0
96,491,122,95,179,0
97,490,122,95,179,0
98,489,121,95,179,0
99,488,121,95,179,0
100,487,121,95,179,0
101,486,120,95,179,0
102,485,120,95,179,0
103,484,120,95,179,0
104,483,120,95,179,0
105,482,119,95,179,0
106,481,119,95,179,0
107,480,119,95,179,0
108,479,119,95,179,0
109,478,118,95,179,0
110,477,118,95,179,0
111,476,118,95,179,0
112,476,118,95,179,0
113,474,117,95,179,0
114,472,117,95,179,0
115,471,117,95,179,0
116,469,117,95,179,0
117,468,117,95,179,0
118,466,117,95,179,0
119,465,117,95,179,0
120,463,117,95,179,0
121,462,117,95,179,0
122,460,117,95,179,0
123,459,117,95,179,0
124,457,117,95,179,0
125,456,117,95,179,0
126,454,117,95,179,0
127,453,117,95,179,0
128,451,117,95,179,0
129,450,117,95,179,0
130,448,117,95,179,0
131,447,117,95,179,0
132,445,116,96,179,0
133,444,115,96,179,0
134,442,115,98,178,0
135,441,114,98,178,0
136,439,114,100,177,0
137,438,113,100,177,0
138,436,113,102,177,0
139,435,112,102,177,0
140,433,112,104,176,0
141,432,111,104,176,0
142,430,111,106,175,0
143,429,110,106,175,0
144,427,110,108,174,0
145,426,109,108,175,0
146,424,108,109,175,0
147,423,108,110,174,0
148,421,107,111,174,0
149,420,107,112,173,0
150,418,106,113,173,0
151,417,106,114,172,0
152,415,105,115,173,0
153,414,105,116,172,0
154,412,104,117,172,0
155,411,104,118,171,0
156,409,103,119,171,0
157,408,103,120,170,0
158,406,102,121,170,0
159,405,102,122,170,0
160,403,101,124,171,0
161,402,101,125,171,0
162,401,101,127,171,0
163,399,101,129,171,0
164,398,101,130,171,0
165,397,101,132,171,0
166,395,101,134,171,0
167,394,101,135,171,0
168,393,101,137,171,0
169,391,101,139,171,0
170,390,101,140,171,0
171,389,101,142,171,0
172,387,101,144,171,0
173,386,101,145,171,0
174,385,101,147,171,0
175,398,115,149,171,0
176,412,129,150,171,0
177,425,143,152,171,0
178,439,158,153,171,0
179,452,172,155,171,0
180,466,186,156,171,0
181,479,201,158,171,0
182,493,215,159,171,0
183,506,229,161,171,0
184,520,244,163,171,0
185,534,246,165,171,0
186,549,248,166,171,0
187,563,250,168,171,0
188,578,252,170,171,0
189,589,253,172,171,0
190,601,254,173,171,0
191,613,255,175,171,0
192,625,256,176,171,0
193,637,257,177,171,0
194,649,259,179,171,0
195,645,259,184,171,0
196,642,259,189,171,0
197,638,259,194,171,0
198,635,260,199,170,0
199,635,260,201,170,0
200,635,260,204,170,0
201,636,260,205,170,0
202,636,260,208,170,0
203,637,260,210,170,0
204,638,260,208,169,0
205,639,260,207,169,0
206,640,260,206,169,0
207,641,260,205,168,0
208,642,260,204,168,0
209,643,260,203,168,0
210,644,260,202,167,0
211,645,260,201,167,0
212,646,260,200,167,0
213,647,260,199,167,0
214,648,260,198,167,0
215,649,260,197,167,0
216,650,260,196,167,0
217,651,260,195,167,0
218,652,260,193,166,0
219,654,261,191,165,0
220,655,261,190,165,0
221,657,262,188,164,0
222,658,262,187,164,0
223,660,263,185,163,0
224,661,263,184,163,0
225,663,264,182,162,0
226,664,264,181,162,0
227,666,265,179,161,0
228,667,265,178,161,0
229,669,266,176,160,0
230,670,266,175,160,0
231,672,267,173,159,0
232,674,268,171,158,0
233,676,268,168,158,0
234,679,268,165,158,0
235,681,268,163,158,0
236,684,269,160,157,0
237,687,269,156,157,0
238,689,269,154,157,0
239,692,270,151,157,0
240,694,270,149,157,0
241,697,270,145,157,0
242,700,271,142,156,0
243,702,271,140,156,0
244,705,271,137,156,0
245,708,272,134,156,0
246,710,272,132,156,0
247,713,273,129,156,0
248,716,274,126,155,0
249,719,274,123,156,0
250,722,275,120,155,0
251,724,276,118,155,0
252,727,276,115,155,0
253,730,277,112,155,0
254,733,278,109,154,0
255,736,278,106,155,0
256,738,279,104,154,0
257,741,280,101,154,0
258,744,280,98,154,0
259,747,281,95,154,0
260,750,282,92,154,0
261,749,282,92,154,0
262,749,283,92,154,0
263,748,283,92,154,0
264,748,284,92,154,0
265,748,284,92,154,0
266,747,285,92,154,0
267,747,285,92,154,0
268,747,286,92,154,0
269,746,286,92,154,0
270,746,287,92,154,0
271,745,287,92,154,0
272,745,288,92,154,0
273,745,288,92,154,0
274,744,289,92,154,0
275,744,289,92,154,0
276,744,290,92,154,0
277,744,289,92,154,0
278,744,288,92,154,0
279,745,288,92,154,0
280,745,287,92,154,0
281,745,286,92,154,0
282,746,286,92,154,0
283,746,285,92,154,0
284,747,284,92,155,0
285,747,284,92,154,0
286,747,283,92,154,0
287,748,282,92,155,0
288,748,282,92,154,0
289,748,281,92,154,0
290,749,280,92,155,0
291,749,280,92,154,0
292,750,279,92,155,0
293,750,278,92,155,0
294,750,278,92,154,0
295,751,277,92,155,0
296,751,276,92,155,0
297,751,276,92,154,0
298,752,275,92,155,0
299,752,274,92,155,0
300,753,274,92,155,0
301,753,273,92,155,0
302,753,272,92,155,0
303,754,272,92,155,0
304,754,271,92,155,0
305,755,271,92,155,0
306,752,271,96,155,0
307,749,271,101,155,0
308,747,271,104,155,0
309,744,271,109,155,0
310,742,271,113,155,0
311,739,271,117,155,0
312,737,272,121,155,0
313,734,272,126,155,0
314,732,272,129,155,0
315,729,272,134,155,0
316,727,272,137,155,0
317,724,272,142,155,0
318,722,272,146,155,0
319,719,273,150,155,0
320,717,273,154,155,0
321,714,273,159,155,0
322,712,273,162,155,0
323,709,273,167,155,0
324,707,273,170,155,0
325,704,273,175,155,0
326,702,274,179,155,0
327,699,274,183,155,0
328,697,274,187,155,0
329,694,274,192,155,0
330,692,274,195,155,0
331,689,274,200,155,0
332,687,275,204,155,0
333,685,275,206,155,0
334,684,276,208,155,0
335,683,276,210,155,0
336,681,277,213,155,0
337,680,277,214,155,0
338,679,278,216,155,0
339,678,278,218,155,0
340,676,279,221,155,0
341,675,279,222,155,0
342,674,280,224,155,0
343,672,280,227,155,0
344,671,281,229,155,0
345,670,281,230,155,0
346,669,282,232,155,0
347,667,282,235,155,0
348,666,283,237,155,0
349,665,283,238,155,0
350,663,284,241,155,0
351,662,284,243,155,0
352,661,285,245,155,0
353,660,286,247,155,0
354,660,283,252,161,0
355,661,281,256,167,0
356,661,279,261,173,0
357,662,277,266,179,0
358,662,274,271,185,0
359,663,272,275,191,0
360,664,270,279,197,0
361,664,268,285,203,0
362,665,265,289,209,0
363,665,263,294,215,0
364,666,261,298,221,0
365,667,259,303,227,0
366,667,258,303,227,0
367,667,258,303,227,0
368,668,258,303,227,0
369,668,257,303,227,0
370,668,257,303,227,0
371,669,257,303,227,0
372,669,257,303,227,0
373,670,257,303,227,0
374,671,257,303,227,0
375,672,257,303,227,0
376,673,257,303,227,0
377,674,258,303,227,0
378,675,258,303,227,0
379,676,258,303,227,0
380,677,258,303,227,0
381,678,258,303,227,0
382,679,258,303,227,0
383,680,259,303,227,0
384,680,259,303,227,0
385,681,259,303,227,0
386,682,260,303,227,0
387,683,260,303,227,0
388,683,260,303,227,0
389,684,261,303,227,0
390,685,261,303,227,0
391,686,261,303,227,0
392,687,262,303,227,0
393,687,262,303,227,0
394,688,262,303,227,0
395,689,263,303,227,0
396,690,263,303,227,0
397,690,263,303,227,0
398,691,264,303,227,0
399,692,264,303,227,0
400,693,264,303,227,0
401,694,265,303,227,0
402,695,265,302,227,0
403,697,266,300,227,0
404,699,267,299,227,0
405,701,268,297,226,0
406,702,268,296,227,0
407,704,269,295,227,0
408,706,270,293,227,0
409,708,271,291,226,0
410,710,272,290,226,0
411,711,272,289,227,0
412,713,273,287,226,0
413,715,274,286,226,0
414,717,275,284,226,0
415,719,276,283,226,0
416,718,275,283,226,0
417,718,275,283,226,0
418,717,275,283,226,0
419,717,275,283,226,0
420,716,275,283,226,0
421,716,274,283,226,0
422,715,274,283,226,0
423,715,274,283,226,0
424,714,274,283,226,0
425,714,274,283,226,0
426,713,273,283,226,0
427,713,273,283,226,0
428,712,273,283,226,0
429,712,273,283,226,0
430,711,273,283,226,0
431,711,272,283,226,0
432,710,272,283,226,0
433,710,272,283,226,0
434,709,272,283,226,0
435,709,272,283,226,0
436,708,271,283,226,0
437,708,271,283,226,0
438,707,271,283,226,0
439,707,271,283,226,0
440,706,271,283,226,0
441,706,270,283,226,0
442,705,270,283,226,0
443,705,270,283,226,0
444,704,270,283,226,0
445,704,270,283,226,0
446,704,270,283,226,0
447,707,270,277,226,0
448,710,270,272,226,0
449,714,270,265,226,0
450,717,270,260,226,0
451,721,270,254,226,0
452,724,270,248,226,0
453,728,270,242,226,0
454,731,270,237,226,0
455,735,270,230,226,0
456,738,270,225,226,0
457,741,270,220,226,0
458,745,270,213,226,0
459,748,270,208,226,0
460,752,270,202,226,0
461,755,270,196,226,0
462,759,270,190,226,0
463,762,270,185,226,0
464,766,270,178,226,0
465,769,270,173,226,0
466,773,270,167,226,0
467,775,269,164,226,0
468,778,269,160,225,0
469,780,268,157,225,0
470,783,268,153,225,0
471,785,267,150,225,0
472,788,267,146,224,0
473,790,266,143,225,0
474,793,266,139,224,0
475,795,265,136,224,0
476,798,265,132,224,0
477,800,264,129,224,0
478,803,264,125,223,0
479,805,263,122,224,0
480,808,263,118,223,0
481,810,262,115,223,0
482,813,262,111,223,0
483,811,261,112,223,0
484,809,261,114,223,0
485,807,260,115,224,0
486,805,260,117,224,0
487,803,259,119,225,0
488,801,259,120,225,0
489,799,258,122,226,0
490,797,258,123,226,0
491,796,257,124,227,0
492,794,257,126,226,0
493,792,256,127,227,0
494,790,256,129,227,0
495,788,255,130,228,0
496,786,255,132,228,0
497,784,254,134,229,0
498,782,254,135,229,0
499,780,253,137,230,0
500,779,253,138,230,0
501,781,250,138,230,0
502,784,248,138,230,0
503,787,246,138,230,0
504,790,237,144,243,0
505,793,229,151,255,0
506,796,221,157,267,0
507,799,213,164,279,0
508,797,213,164,279,0
509,795,213,164,279,0
510,793,213,164,279,0
511,791,214,164,279,0
512,789,214,164,279,0
513,787,214,164,279,0
514,785,215,164,279,0
515,783,215,164,279,0
516,781,215,164,279,0
517,780,216,164,279,0
518,777,215,164,279,0
519,775,215,164,279,0
520,773,215,164,279,0
521,771,215,164,279,0
522,769,215,164,279,0
523,767,215,164,279,0
524,765,215,164,279,0
525,763,215,164,279,0
526,761,214,164,279,0
527,759,214,164,279,0
528,757,214,164,279,0
529,755,214,164,279,0
530,753,214,164,279,0
531,751,214,164,279,0
532,749,214,164,279,0
533,747,214,164,279,0
534,746,213,165,279,0
535,745,212,166,279,0
536,745,212,166,279,0
537,744,211,167,279,0
538,744,210,168,279,0
539,743,210,169,279,0
540,743,209,169,279,0
541,742,209,170,279,0
542,742,208,171,279,0
543,741,207,172,279,0
544,740,207,173,279,0
545,740,206,173,279,0
546,739,206,174,279,0
547,739,205,175,279,0
548,738,204,176,279,0
549,738,204,176,279,0
550,737,203,177,279,0
551,737,203,178,279,0
552,734,202,180,279,0
553,732,201,182,279,0
554,730,200,184,279,0
555,727,199,186,279,0
556,725,198,188,279,0
557,723,197,190,279,0
558,721,196,192,279,0
559,718,195,194,279,0
560,716,194,196,279,0
561,714,193,198,279,0
562,711,192,200,279,0
563,709,191,202,279,0
564,707,190,204,279,0
565,705,189,206,279,0
566,702,188,208,279,0
567,700,187,210,279,0
568,698,186,212,279,0
569,696,185,214,279,0
570,695,184,215,279,0
571,694,183,216,280,0
572,693,182,217,281,0
573,692,181,218,282,0
574,691,180,219,283,0
575,690,179,220,284,0
576,689,178,221,285,0
577,688,177,222,285,0
578,687,176,223,286,0
579,686,175,224,287,0
580,685,174,225,288,0
581,684,173,226,289,0
582,683,172,227,290,0
583,682,171,228,291,0
584,681,171,230,291,0
585,680,171,230,291,0
586,680,171,230,291,0
587,680,171,230,291,0
588,679,171,230,291,0
589,679,172,230,291,0
590,679,172,230,291,0
591,678,172,230,291,0
592,678,172,230,291,0
593,678,172,230,291,0
594,677,173,230,291,0
595,677,173,230,291,0
596,677,173,230,291,0
597,676,173,230,291,0
598,676,173,230,291,0
599,676,174,230,291,0
600,672,174,234,291,0